4294967278,57
4294967278,56
4294967278,55
4294967278,54
4294967278,53
4294967278,52
4294967278,51
4294967278,50
4294967278,49
4294967278,48
4294967278,47
4294967294,12
4294967294,13
4294967294,104
4294967294,106
4294967294,116
4294967294,160
4294967294,119
4294967294,168
4294967294,162
4294967294,1354
4294967294,22
4294967294,42
4294967294,76
4294967294,120
4294967294,51
4294967294,451
4294967294,454
4294967294,151
4294967294,422
4294967294,82
4294967294,1355
4294967294,83
153,10
153,9
153,8
153,7
153,11
153,12
153,4
4294967278,60
4294967278,59
4294967278,58
4294967278,201
4294967278,372
4294967279,441
4294967278,370
149,2
4294967279,201
4294967279,440
4294967278,63
4294967278,62
4294967278,61
4294967279,89
4294967279,86
4294967279,438
4294967279,297
4294967279,84
4294967279,437
4294967279,296
4294967279,436
4294967279,81
4294967279,435
4294967279,434
4294967279,79
4294967279,433
4294967279,78
4294967279,432
4294967279,431
4294967279,76
4294967279,430
4294967279,75
4294967279,74
4294967279,72
4294967279,70
4294967279,69
4294967279,68
4294967279,67
4294967279,65
4294967279,62
4294967279,61
4294967279,60
4294967279,59
4294967279,58
4294967279,57
4294967279,54
4294967279,52
4294967279,51
4294967279,50
4294967279,49
4294967279,45
4294967278,371
4294967279,439
4294967278,407
4294967278,348
4294967278,296
154,241
154,240
154,239
154,238
154,237
154,236
4294967278,197
154,235
154,234
154,233
154,232
154,231
154,230
4294967278,368
4294967278,369
154,229
154,228
154,227
154,226
154,225
154,224
4294967278,195
154,223
154,222
154,221
154,220
154,219
154,218
4294967278,295
154,217
154,216
154,215
154,214
154,213
154,212
4294967278,194
154,211
154,210
154,209
154,208
154,207
154,206
4294967279,195
4294967278,367
4294967278,366
154,205
154,204
154,203
154,202
154,201
154,200
4294967278,192
154,199
154,198
154,197
154,196
154,195
154,194
4294967279,193
4294967278,345
154,193
154,192
154,191
154,190
154,189
154,188
4294967278,191
4294967278,364
154,187
154,186
154,185
154,184
154,183
154,182
4294967279,191
4294967278,365
154,181
154,180
154,179
154,178
154,177
154,176
4294967278,189
154,175
154,174
154,173
154,172
154,171
154,170
4294967279,190
4294967278,363
154,169
154,168
154,167
154,166
154,165
154,164
4294967278,188
154,163
154,162
154,161
154,160
154,159
154,158
4294967279,189
4294967279,42
4294967279,40
4294967279,37
4294967279,35
4294967279,34
4294967279,33
4294967279,32
4294967279,30
4294967279,27
4294967279,26
4294967279,25
4294967279,23
4294967279,22
4294967279,21
4294967279,18
4294967279,17
4294967279,16
4294967279,14
4294967279,13
4294967279,10
4294967278,344
154,157
154,156
154,155
154,154
154,153
154,152
4294967278,187
4294967278,361
154,151
154,150
154,149
154,148
154,147
154,146
4294967278,362
154,145
154,144
154,143
154,142
154,141
154,140
4294967278,185
154,139
154,138
154,137
154,136
154,135
154,134
4294967279,186
4294967278,403
4294967278,360
154,133
154,132
154,131
154,130
154,129
154,128
4294967278,183
4294967279,427
4294967278,293
154,127
154,126
154,125
154,124
154,123
154,122
4294967278,314
154,121
154,120
154,119
154,118
154,117
154,116
4294967278,181
4294967279,417
154,115
154,114
154,113
154,112
154,111
154,110
4294967279,182
4294967278,359
154,109
154,108
154,107
154,106
154,105
154,104
4294967278,180
4294967279,426
4294967278,402
154,103
154,102
154,101
154,100
154,99
154,98
4294967278,388
154,97
154,96
154,95
154,94
154,93
154,92
154,91
154,90
154,89
154,88
154,87
154,86
4294967279,178
154,85
154,84
154,83
154,82
154,81
154,80
4294967279,413
154,79
154,78
154,77
154,76
154,75
154,74
4294967279,176
149,4
145,9
145,8
143,4
142,10
149,7
4294967279,411
4294967279,317
154,73
154,72
154,71
154,70
154,69
154,68
4294967279,172
154,67
154,66
154,65
154,0
154,64
154,36
154,35
145,6
147,7
142,8
142,9
142,4
142,7
149,8
149,6
149,5
148,4
141,4
147,4
154,34
154,33
154,32
154,31
145,13
154,30
4294967279,165
